15
Aimant
[644.5084145261293,369.04340124003545,300.0,0.0]
[452.30292294065544,-9.167404782993799,300.0,0.0]
[179.4951284322409,4.118689105403007,300.0,0.0]
[-7.395925597874225,245.0398582816652,300.0,0.0]
[407.13020372010624,402.70150575730736,300.0,0.0]
[674.623560673162,102.4357838795394,300.0,0.0]
[-37.511071744907,381.44375553587247,300.0,0.0]
[136.97962798937112,416.87333923826395,300.0,0.0]
Segment
[417.24092116917626,101.55004428697961,300.0,90.0]
[731.6784765279008,236.18246235606733,300.0,0.0]
[596.1603188662533,101.55004428697961,300.0,90.0]
[596.1603188662533,369.9291408325952,300.0,90.0]
[494.30026572187774,-39.282550930026574,300.0,90.0]
[314.4951284322409,-39.282550930026574,300.0,90.0]
[351.69619131975196,370.814880425155,300.0,90.0]
[888.5686448184233,267.1833480956599,300.0,0.0]
[743.1930912311781,-39.282550930026574,300.0,90.0]
[888.5686448184233,94.46412754650132,300.0,0.0]
[888.5686448184233,422.1877767936227,300.0,0.0]
[165.5766164747564,494.8184233835252,300.0,90.0]
[458.87068201948625,494.8184233835252,300.0,90.0]
[752.9362267493357,494.8184233835252,300.0,90.0]
[30.172719220549155,354.8715677590788,300.0,0.0]
[30.172719220549155,235.29672276350755,300.0,0.0]
[165.5766164747564,99.77856510186004,300.0,90.0]
Rectangle
[800.5093002657219,347.89636846767047,50.0,0.0]
Filet
[460.6000885739592,317.3387953941541]
Canon
[85.61780336581045,143.19087688219662]
