15
Cercle
[439.1275465013286,161.89105403011513,50.0,0.0,true]
[664.9911426040744,161.00531443755534,50.0,0.0,true]
[550.7307351638618,424.955713020372,50.0,0.0,false]
[546.3020372010628,214.1496899911426,50.0,0.0,false]
Segment
[83.30248007085916,544.273693534101,70.0,90.0]
[916.7834366696192,421.1558901682905,70.0,90.0]
[372.0682019486271,-26.882196634189555,300.0,45.0]
[713.0779450841452,394.7298494242692,300.0,45.0]
[754.7077059344552,-26.882196634189555,300.0,135.0]
[407.4977856510186,389.4154118689105,300.0,135.0]
Triangle
[403.49867139061115,220.15057573073517,100.0,90.0]
[644.4198405668733,221.03631532329496,100.0,270.0]
[438.92825509300263,433.6138175376439,100.0,0.0]
[612.533215234721,432.7280779450841,100.0,0.0]
Rectangle
[503.3879539415411,31.28875110717449,150.0,0.0]
Filet
[876.8976970770593,358.08281665190435]
Canon
[57.27413640389726,500.1439326837909]
